LabVIEW Measurement	
Writer_Version	2
Reader_Version	2
Separator	Tab
Decimal_Separator	.
Multi_Headings	Yes
X_Columns	No
Time_Pref	Absolute
Operator	Matthew Whetham
Date	2024/10/30
Time	15:53:51.3995041847229003906
***End_of_Header***	
	
Channels	1	
Samples	217	
Date	2024/10/30	
Time	15:53:51.3995041847229003906	
X_Dimension	Time	
X0	0.0000000000000000E+0	
Delta_X	51.327189	
***End_of_Header***		
X_Value	Untitled	Comment
	0.000472
	0.001428
	0.000790
	0.000472
	-0.001440
	0.000472
	0.000153
	-0.000166
	-0.001759
	-0.001759
	-0.008132
	-0.001122
	-0.003671
	0.001109
	-0.000803
	0.000153
	-0.000803
	0.000153
	0.000472
	-0.000484
	0.000153
	-0.000803
	0.000153
	-0.006857
	-0.007813
	-0.001759
	-0.000803
	-0.003671
	0.002383
	-0.001759
	0.000472
	0.000153
	-0.001122
	0.000153
	-0.000803
	0.000790
	-0.000484
	-0.001122
	0.000153
	-0.000166
	0.000790
	-0.001440
	-0.000166
	-0.000166
	-0.000166
	0.000472
	0.000790
	-0.002715
	-0.000803
	0.002383
	-0.001122
	-0.001440
	0.006526
	0.000790
	-0.000803
	0.000153
	-0.000803
	0.003658
	0.000472
	-0.001122
	-0.000803
	-0.001122
	-0.000166
	0.002383
	-0.000803
	0.000790
	-0.001122
	-0.001122
	0.000153
	0.000153
	0.001746
	-0.004308
	-0.001122
	-0.000484
	-0.000484
	-0.001440
	-0.000484
	0.013218
	0.006207
	0.001428
	0.000153
	-0.000803
	0.001109
	0.000790
	-0.000803
	-0.000166
	-0.633967
	-0.018966
	0.039029
	-0.223541
	0.021821
	0.043808
	-0.009088
	-0.816555
	0.120922
	0.005251
	-0.279306
	0.000153
	-0.001759
	-0.175744
	0.693542
	-0.169052
	-0.001122
	0.000790
	0.000790
	-0.001122
	-0.000166
	0.000153
	0.000472
	-0.000484
	-0.002078
	-0.001122
	-0.001122
	0.005251
	-0.000166
	-0.001122
	0.001109
	0.001428
	0.000153
	0.000472
	0.000153
	-0.001759
	-0.000803
	-0.001440
	0.000472
	-0.000166
	-0.001440
	-0.000166
	-0.000484
	-0.000484
	0.001109
	0.000153
	0.001109
	0.000472
	-0.000484
	-0.000803
	-0.001122
	-0.000803
	-0.000166
	0.000790
	-0.001440
	-0.001122
	0.000153
	-0.000166
	0.254119
	0.000472
	-0.000166
	-0.001122
	0.001109
	-0.000166
	0.000790
	-0.017054
	-0.001440
	0.000790
	-0.001440
	0.002065
	-0.000166
	-0.001440
	0.001428
	-0.001122
	-0.949433
	-0.001122
	0.000153
	0.000790
	-0.001759
	-0.000803
	-0.000484
	-0.000166
	0.000472
	0.000153
	0.001428
	0.000472
	0.000153
	-0.001122
	-0.001122
	0.000153
	-0.000484
	-0.001122
	0.000790
	0.000790
	-0.000484
	0.006845
	-0.000484
	0.000153
	-0.001122
	0.001428
	-0.000166
	0.000153
	-0.000803
	-0.000166
	-0.001440
	-0.000484
	0.001746
	0.000472
	0.000472
	0.000472
	-0.000166
	0.000153
	0.000153
	-0.001122
	0.000153
	-0.001122
	-0.000484
	-0.000166
	-0.001440
	0.000153
	-0.000484
	0.001109
	0.000472
	0.000153
	-0.000166
	-0.002715
	0.001428
	0.000472
	0.001109
	-0.000484
	0.000790

